003060
003170
007012
005743
002477
001000
006040
003559
006650
006411
001384
000251
000783
000052
006160
003123
000130
006643
002923
006994
004600
001342
003337
003444
007032
005259
007368
000067
006167
007359
006497
003497
000463
000203
005515
003825
002512
007155
002559
004867
002352
007078
002101
004472
000556
004279
005866
003114
005013
007337
002013
005796
004208
001601
006889
003313
002901
001320
002749
001857
000451
000578
004387
000114
001614
002971
004169
002731
003264
001712
000390
000300
000195
003538
002772
003611
006940
001458
004643
001319
006339
006057
000490
004505
000861
003878
000914
001763
005766
005017
003172
003027
005029
001286
003495
004370
006860
002560
007402
003941
003184
004615
005935
001776
002798
005985
001814
006084
003944
005897
002965
000803
007158
004455
007297
005912
001126
005697
003949
002040
001637
004716
004097
002603
002108
005663
000663
003690
004570
000287
003424
003362
004224
002152
003256
004221
002859
005803
006585
003024
005014
003879
000789
001656
000848
005423
002755
001172
006975
000322
004011
002703
001119
001897
005278
002649
000584
001377
005534
004294
005327
000743
000509
005527
003237
001676
006450
004552
002531
002205
006005
002106
000424
001331
001461
000377
003161
002417
005348
002735
000054
000077
003874
004588
005948
000592
002761
003390
004714
001602
001262
002682
004878
001884
006870
006764
001295
004879
005517
001726
001964
002081
000119
000915
003662
001110
000245
000898
006773
000441
002115
007127
007295
004101
001280
000893
004323
000206
006489
003148
000137
001077
001478
006431
000926
006406
001777
005191
001576
001918
002220
004913
007160
004816
006194
006490
004804
001073
005826
003345
001081
006471
000659
003338
002069
005756
005198
007137
004217
006821
005671
003165
002556
005842
004436
004616
000729
001911
003783
000771
006621
001845
000365
005630
003417
002500
005283
005128
003351
006815
005859
002883
006139
006604
001066
006804
005326
002327
003311
006960
004315
002600
006887
003445
001132
001774
001442
000010
005003
001788
006482
005098
006216
002872
001059
002742
005404
006487
005117
001277
000777
003544
001671
005067
006530
000375
006029
002784
001942
007090
000128
002724
000470
004944
005116
005649
005431
001683
002949
002262
001496
003302
002126
005032
004379
005155
004236
000890
005477
000028
006682
003848
000520
006833
007350
005761
003329
005869
005772
002123
004587
002097
003704
003437
001182
002415
001928
002825
000074
004755
003110
005629
003214
007251
000270
005482
007207
005823
004999
001662
006547
003430
003948
004614
004405
003229
003967
004664
000383
001190
006049
003227
006227
004065
000017
002767
003140
003877
001979
005538
001199
000682
006381
001768
005888
005876
001192
001673
000796
002980
007092
004596
004521
004262
002061
002838
006108
005051
000967
003259
001229
004758
007446
003910
007241
001820
002053
002491
007280
002849
001905
001432
004581
000755
005504
005254
006202
002657
005314
005937
004439
006128
000992
000494
002130
006560
005605
001179
001156
002451
005511
003332
002516
004622
003089
007314
006655
006253
006979
007180
002334
006745
003769
004832
000668
000881
000136
005936
000103
006973
007268
000691
001860
002178
000850
003485
006238
000688
000501
001717
001092
001201
003245
003406
006020
000564
006352
000168
003096
002237
001422
003320
001813
004660
004489
004142
005582
000330
005617
005832
003903
000666
005050
005898
001522
000825
007047
004538
005434
006871
003617
005230
002387
002688
005569
001477
003321
004994
004267
006047
004807
000248
003779
006891
002998
007333
006888
002791
006455
001507
007360
003786
002096
004230
002258
003215
002159
002243
002324
002736
000677
001615
002725
000351
007223
006905
005659
001595
005462
001559
002296
001353
000041
003619
005964
006685
006220
005578
007192
004914
006785
000316
001513
000775
000982
002471
003486
002771
006149
002993
004638
001287
006256
004107
003100
000429
003221
003075
002630
002386
004129
005941
004308
007317
003646
005122
006953
007175
005891
000292
005593
005512
006649
003015
001241
007169
004500
006695
005180
004972
002598
003659
006598
003790
000837
000942
001561
001807
005416
001990
006982
000303
006614
004176
003880
005389
004039
001109
004430
005870
002342
004730
002851
003573
000208
000297
000954
007276
004957
000290
001511
002823
007372
007414
001396
007082
006480
000108
004173
004146
006836
003577
005248
001257
005699
002150
003124
003034
004442
004939
002593
000675
000334
004096
007024
000285
007100
001875
002700
005047
005867
001546
004130
006666
002025
004598
006359
004510
003127
004576
000821
000465
004787
003679
001061
006158
002576
002834
005734
005716
003644
000026
003491
006062
004652
007386
004627
003154
002511
007097
005625
006115
006407
002382
005108
006932
000955
000708
006500
000020
000353
000823
000145
006524
001887
003692
004041
003620
000047
007182
000411
001299
002253
005464
000679
006351
004312
006787
002436
003720
005055
004467
005993
003989
000449
000644
002199
004511
000905
005506
001581
002441
006473
007194
001308
002395
003709
006700
001738
001898
000400
000065
001971
007373
005480
003937
005370
007050
000853
003415
002877
007393
005407
006034
006802
006023
003306
002315
003634
005788
006521
006357
003892
007033
002041
004685
005637
005595
007088
005139
005702
000844
004885
004723
006032
003673
005965
005388
006208
004699
003768
005467
005136
004371
000932
002818
002514
001481
001648
001104
006618
001509
003063
007249
004715
003364
002023
004434
003293
004252
002154
003433
006309
005130
006653
003058
005580
001823
006668
003749
002421
003428
000676
003534
002765
006048
006319
002671
004136
006069
003207
001158
004629
001785
004000
006950
005906
005843
006935
000198
005793
002397
001930
007254
004682
001058
004855
005048
000281
001098
004525
007272
000770
005397
001997
000138
001171
002801
007036
005392
001233
006266
000757
003804
005675
005583
006298
000698
005150
001861
001103
002508
002748
001451
004389
000706
002676
002186
000614
002913
005505
006606
005142
005574
004035
002691
000950
005060
001260
002392
001666
002522
005195
000106
003984
000563
006901
001347
002843
007418
002718
005635
006170
003167
001464
006840
007411
003900
004754
005666
002737
006070
000855
006579
007174
003350
002850
000953
001187
007478
003141
001680
005206
003526
006151
005085
006328
003791
004871
000761
000015
004989
000863
003734
002764
007023
001427
004869
003291
005916
006739
005977
002468
007255
002298
005991
002582
001641
001127
006021
000095
007465
002617
005882
000361
006580
005802
001351
003032
005522
000917
001523
006934
006434
005976
002686
003582
002773
002848
006866
001869
004352
003870
005077
001205
001536
000013
004737
006387
000294
000438
003164
005024
003277
006367
007330
007197
005052
003439
004044
002282
006203
000416
000040
003463
006138
006464
004495
000902
001186
005871
003812
004739
004607
006786
003512
002206
001693
003511
001028
004104
004028
007344
006327
002083
001902
005043
001243
003902
006193
006846
003125
004507
005579
003129
004193
004160
004481
002853
002326
000298
000669
000722
003035
000464
005124
003905
000766
007128
001974
006724
003624
002201
007370
000760
007427
003677
001764
000331
006078
004604
005707
001564
001966
007043
007271
001985
005526
002837
001267
000386
002002
002842
003099
000381
000235
005907
000313
003837
000005
005140
003177
005384
000268
006543
004002
001273
002648
004121
000087
004951
004702
006689
003195
004463
003532
006285
006684
001989
005205
005820
003101
004014
003286
001479
004974
005079
005775
005229
003017
001446
003116
005684
000602
006605
006181
005316
004673
003316
003079
006716
005706
004343
003871
003894
002492
006725
004676
006713
004751
000433
005968
002176
000180
005943
004696
005005
004099
006234
005170
002847
002513
004346
006436
001220
004882
007464
002427
002828
006493
002203
004144
005443
004964
004931
000754
004137
003923
005503
006987
006195
001332
005836
000059
003106
000060
006728
005744
000995
000599
002261
000725
005857
007301
006402
003994
001713
006983
000925
000327
005819
004762
001537
004152
001054
006855
001634
003466
000747
005779
002666
002947
003092
006030
000970
006529
001809
006404
004921
003091
003794
003425
001022
003568
002259
006727
000665
004681
006098
001545
004920
004839
006607
007453
001294
003146
002033
003065
005523
005436
005287
002191
003379
001256
005460
004207
005202
007034
001798
000801
000657
001346
004461
005770
007456
001982
000271
002018
007052
005428
003493
006799
005101
007424
001076
001620
006511
005235
006964
005922
004038
002942
007045
000132
002670
006832
003699
002863
004492
000315
005500
003858
004324
000736
000554
003792
004064
006759
004031
000469
005930
003518
003282
005611
005020
007243
005683
000776
000332
002887
001105
003399
006688
007441
000098
002704
005651
003448
007459
003553
003283
003442
004621
003711
002618
002098
004674
006296
002561
000394
003869
001466
006699
000407
001516
003118
001687
004378
002803
000037
000546
005237
004453
004683
003325
002168
000254
000884
001517
000601
003614
000852
006465
001155
001737
002403
005447
005040
000186
002596
002024
005345
006087
003520
000426
002680
000157
000571
004139
007283
002139
006663
005708
006654
003939
004134
000591
006763
004114
000141
001471
003975
005070
000221
004116
000408
000081
003595
000842
003808
006869
004606
003846
006601
004854
003138
005250
000387
004935
006116
005850
003480
005558
001691
004357
003055
004475
003377
001796
002088
003936
000401
004426
007438
002540
002430
005360
000561
006944
001467
006217
000021
007479
003649
007142
007475
002622
004469
002747
001406
000907
006307
001433
001572
000151
003263
007326
006093
005997
007349
002757
001700
004907
001249
002707
000472
004174
005856
005657
001240
002641
003419
004631
003005
002746
002257
002120
002855
004582
007215
003465
002358
006735
005381
005125
003983
000237
001180
005835
004900
003142
001391
004550
006009
000227
000362
002234
005163
001771
006302
004311
003397
005889
004838
004253
001150
002372
004656
007141
002424
005078
003251
003521
006559
007002
005847
003373
007106
001144
007396
004577
007458
000888
004707
005420
004719
004892
000406
007463
006714
006795
000836
003735
002012
000648
002370
005655
000711
006720
004133
002406
003586
001349
000068
002550
006820
001021
004819
006376
004015
004790
005044
003841
007217
005472
007028
000153
003292
002915
001906
004034
005719
000785
006017
005747
003441
005298
002144
004006
007423
004287
000921
003574
000022
006449
006063
007341
005008
001963
004108
005913
006758
004946
006913
002858
005828
006378
004729
001617
004282
000301
003113
002171
004748
004727
001801
001923
004422
004560
006392
004088
001107
004697
005269
005400
006231
007124
005271
002277
003322
007208
005262
005465
007138
007265
004777
006800
005926
006073
002022
004883
001071
007443
000989
004363
003523
004834
005270
004157
006756
002740
004195
003572
005290
002814
006385
002864
000242
000726
005627
001688
005825
005074
003365
005782
005822
006551
000526
002715
006191
001108
006877
002290
004081
005643
002968
003942
003781
000763
007277
006513
002605
002267
003744
007289
001194
002426
006900
001629
001387
001722
003631
006409
006427
007161
003385
002445
000704
007004
006330
000994
001837
001039
005351
004059
004007
004265
006922
003119
002432
003760
005901
000048
005214
004406
003298
001055
006507
005589
005853
006766
006241
001587
000082
005739
000107
000565
006426
006119
003966
007339
005709
004968
002938
002562
002453
000580
004936
004080
003551
006239
002373
000857
004845
000373
000261
005087
000139
001644
007203
007209
005179
005091
004668
001272
001643
006142
004923
001704
000076
002519
000161
000210
005378
001335
003041
000113
001594
003139
004624
002407
000101
001472
001429
003178
001204
003691
001330
002005
002728
002846
006091
000263
005318
003893
004437
001711
003931
006394
000036
004594
002893
006954
000122
006311
003285
004310
001085
001944
000162
006247
003788
006502
001547
005938
002300
004178
003991
000595
001775
002601
005551
005025
007021
004783
006348
002526
001919
004872
006625
005184
005153
003622
006561
005973
005244
002399
000038
007403
003097
005927
000916
002264
001593
007237
006636
000193
005721
000460
000355
005358
006850
002478
007245
005647
002348
005533
007153
003906
005498
005722
001361
004076
001567
002982
004720
006617
001254
006008
002928
007412
006250
002916
004318
000274
001744
005300
003103
003326
000085
007439
006141
006080
004019
006492
005720
005475
003623
001444
002452
003603
006011
007284
002953
003687
005218
000714
002479
007336
001409
006761
002469
006562
001230
000243
000178
005280
000593
005483
004848
001705
005366
006456
001284
004960
000931
007299
003980
003477
000717
004025
007313
006914
002756
001719
003007
001917
001685
004517
002177
005969
006669
005387
003802
001487
000608
000072
004613
003522
000094
002520
002572
005654
006075
004095
005750
000936
005915
000364
005057
002856
001337
005354
005236
001091
003072
003211
004003
001714
003410
007059
000871
006986
004692
003483
001976
006358
000752
002420
006624
006948
002228
004402
003800
005068
001604
004611
004975
005577
001521
007026
004532
006961
004004
003642
000536
006552
007193
000273
000912
004477
001362
003700
006382
004401
007044
002978
001176
000398
005874
002941
006010
006478
003853
006988
005147
005102
005310
005295
003312
002995
006432
005735
003606
002343
002458
006907
001939
001866
003598
003901
003281
005277
000291
003959
005769
001114
007476
002751
004901
006322
003829
004073
002050
000734
000163
001354
005571
006306
001896
004259
002230
006371
002960
003724
002778
001445
000933
007379
005622
003987
002854
004812
000474
003210
006408
006156
002116
000885
007165
004948
001623
004744
003965
000379
004468
001102
005066
000966
002284
005377
001411
007210
003763
000756
005441
001745
007230
005692
000061
002787
006704
001018
004238
005510
005672
004251
001089
007258
002147
001401
006452
004800
000229
005561
005631
000819
002185
000450
001739
002398
003464
006260
002351
004250
002034
001913
002638
000427
001315
003077
000027
007008
004934
007375
000425
004354
001453
003547
003453
004542
005875
002084
001636
002782
002563
001830
005456
006750
001449
006769
005986
002121
000488
005160
001439
005340
005725
002643
006777
004988
003773
003289
003885
006349
000521
001392
002302
006540
005970
002594
000681
005865
003703
005944
007020
007081
005573
005810
005342
002060
006743
004153
006992
004841
005408
004980
000376
002217
002845
005412
005442
006146
004945
000645
003334
004645
001183
005928
002059
002711
002260
003743
003688
004292
001341
004563
003705
003276
002760
001762
005356
002027
000434
000748
005347
002014
007346
004249
005588
001924
005469
005000
003630
002852
000576
004997
004024
000939
006826
001386
003004
000356
003857
000339
004410
000904
002402
005376
000513
003678
005473
005940
000070
000806
000216
007263
002056
004356
006566
005701
004498
004049
006325
001154
002621
000030
006555
001020
004223
004590
005794
000456
002390
006315
000505
003730
004788
000325
000183
002297
005687
005286
000768
002112
002631
006499
002344
005501
000446
007279
001398
000872
004383
001470
004599
001015
002762
004390
005767
005641
005797
003472
003499
006240
001999
007015
004544
004215
006133
007376
002547
002840
002909
004299
002235
002455
003025
003504
002793
004281
005145
002891
006506
007351
007270
006558
006391
005852
007133
001599
004828
005305
005814
006831
000152
002385
002233
000522
006353
004206
002408
002936
004694
001885
007401
006981
006590
003105
003684
003654
000001
006428
001773
005711
000874
000018
006089
006878
001379
006336
000423
006317
007198
000961
002247
004020
000693
002692
004150
003368
002587
006054
004738
004706
003641
002263
006420
002295
002763
006221
002490
004523
005435
003254
003411
003280
002146
001017
003969
003050
003655
003112
002898
001303
004843
001034
005669
001825
002602
006611
003856
000619
004074
002338
006963
005071
003552
000802
004680
000892
001111
003600
006150
005560
004228
000447
004256
001664
007300
005570
007051
001302
005509
004761
005303
000233
003558
007195
000974
006628
006768
003741
004672
002467
006512
003223
001590
002443
005321
003266
003446
001519
000731
003111
000239
003271
000453
001868
007221
000058
001019
002273
003940
007105
006864
006757
006214
006589
001883
002394
001784
000204
002535
006923
005232
004413
007293
004641
000583
000123
002320
002589
000684
000983
004013
006945
005177
003427
005424
002133
003073
006534
000728
006638
005282
005417
001405
004833
005352
006157
005158
004950
005241
004055
005474
005245
005688
006729
003854
005807
003740
004531
003414
004348
004509
006951
005168
004695
002820
006457
000391
003750
003057
006542
004209
004200
002997
001909
000981
001181
006676
005983
001462
004734
004332
006344
004742
003563
001588
003095
002668
003012
006254
004717
001531
005592
005992
000200
000566
004877
003374
002653
006360
000822
000869
006283
002313
005790
000129
000607
001222
004985
001753
006841
006709
001435
001778
001397
003589
005093
000044
002328
000779
004185
001652
006363
005658
006825
004555
006549
005037
004745
001370
006874
004119
006921
001682
000630
002000
005610
004180
005036
000174
006575
000631
003074
003342
006736
006355
005524
006634
003811
000968
001877
005849
002004
002226
006448
006829
005265
003508
005760
003294
006058
004381
004903
003564
003907
000957
005258
005535
002620
001035
003628
006706
002179
007328
005507
000419
002766
003356
003262
006169
001632
006597
000056
001625
003278
002287
002274
004079
005454
000615
004266
003756
001270
003888
000896
006857
004291
000250
005890
004863
005374
003838
001510
002706
003163
006722
004012
000927
001382
006178
000272
000969
003813
003780
001250
002800
006152
001932
003051
000815
000079
002945
007202
000814
005369
003134
004757
005106
003339
007352
005731
006099
003449
004635
001246
005418
006912
007149
006085
001290
006237
001371
006508
005064
002585
002580
002419
006993
000340
006491
001571
000965
001649
002510
003954
005785
005249
002094
000940
003999
000834
003922
004325
003383
003426
005628
003115
002884
000860
006472
001338
006291
004010
004181
000069
004630
001152
003267
005466
006755
004967
003527
004724
005544
000135
003208
002216
000299
001008
000629
004350
000886
004367
004586
003519
004797
000875
001324
000658
003816
004111
000035
007037
001535
002876
001863
002894
001715
003135
001851
007014
000811
005185
005308
005980
000503
000073
005499
005815
004471
002628
000540
002780
003648
004456
002251
000222
005931
003287
005097
002339
006744
003248
004429
007355
007235
005879
007041
004886
001367
000078
002545
002076
006570
006946
001130
007211
000396
004669
004132
001752
001748
004438
001539
007143
003992
000483
000670
005742
003176
003680
007461
000972
001995
006747
003435
003120
002873
000510
004501
003391
000159
003676
002240
006236
003872
005921
002553
004415
005471
003896
001221
002506
003009
003305
001378
003037
000283
002786
005110
005058
003953
002955
003380
006550
006162
003762
004644
001790
003887
006843
005715
001769
000639
005599
007287
006131
000612
006438
003131
002314
006909
003938
006435
000830
001389
001164
007260
002714
004154
004243
003555
006644
004388
006343
002246
002157
003241
005487
003681
005251
004066
002212
000418
004503
005092
005192
003087
005239
003822
005107
005586
005208
006662
005792
001279
001881
007095
005933
000689
001051
003814
003370
006510
001751
003581
001120
004808
004166
002111
005445
006280
000213
005764
000958
006430
004112
004771
005331
001301
002943
002919
002663
006504
003389
005738
004917
003978
006383
000715
000395
003815
003805
002065
000865
006838
005932
004572
003107
004017
006989
001463
002125
000176
004447
004337
003429
004009
007445
005099
005133
001922
002538
003407
003793
004156
004218
006708
003590
005581
000280
002269
002807
002255
005324
000121
006573
003579
005633
004709
001474
004713
005339
000224
003682
006753
003330
007071
003753
003160
000244
005763
006742
007343
002721
004743
005673
006741
006046
001468
007253
005656
002072
004796
004809
007119
002694
003686
001157
006165
002710
004798
002917
003310
005661
001512
000721
006399
007183
002166
000452
005989
006958
002552
001469
000843
004686
003261
003685
000034
002776
002542
002871
000158
000809
007086
007274
002447
002999
000007
006501
006594
000638
001100
006516
006483
007011
006991
003421
000112
000788
006927
000636
000762
003839
003340
003244
002381
004470
000459
001816
001727
007365
005696
000288
004928
002990
006268
002839
003668
002052
004094
001678
002254
007233
005328
001707
001969
006180
004502
003695
005253
003927
001309
007395
001037
007397
005279
003843
005349
006776
004423
003976
005508
003212
006902
007199
000097
003751
000882
001852
002003
006862
006631
006791
000155
005172
006332
003218
006197
001087
002379
000542
001904
001189
002874
004239
003416
002429
005548
003718
001960
001697
000923
005141
005839
002080
006609
003086
006223
002450
001425
004089
006967
005343
005547
002790
003252
004556
006015
002655
003929
001506
005363
002214
001434
004201
003018
003607
005632
000973
000491
006943
004646
007398
000175
000929
005962
007454
000440
002831
005458
005727
000181
006740
005016
007166
004909
005399
006926
006990
001936
004705
003187
006686
001323
004102
003352
005257
003830
003219
005851
004103
004254
000723
002117
003951
004910
007042
001530
000990
001121
003137
002569
003183
003932
001333
006064
007196
003557
003232
003956
003726
006375
006001
005829
003064
007120
002833
001650
004032
001921
005053
000727
007387
000011
005209
001894
000827
006134
003761
005323
000628
000154
002683
001416
005784
005999
000455
006320
006687
004579
005061
003636
005409
007275
002114
006416
000088
000278
003198
007378
002204
001334
004040
002431
006568
006290
005817
005667
006196
006205
003300
005549
001808
003882
001573
002584
002075
006055
001235
003199
000412
007321
002093
002410
004268
003162
006061
002868
001626
004679
006868
001385
005634
003402
004504
002821
002717
000908
001491
001025
006703
001876
003890
005559
004786
005900
005737
000963
002462
005811
004023
006421
000541
007367
004778
003599
001804
002231
007226
004515
000125
001393
004427
002418
006952
007151
004756
004082
002577
000980
003739
002656
004520
004949
006466
005364
002878
004056
006665
001031
006968
003132
006092
004257
002494
005152
000187
005942
001514
001568
007323
006337
001016
005978
001078
000319
000324
005398
006102
001684
000173
001961
002249
000945
005594
000194
001430
006503
005946
004725
002055
001026
003354
006313
003303
004595
000700
005664
002103
002498
004876
001675
000719
000226
002173
004775
004592
001681
000197
005429
006781
004636
003766
007247
003440
007399
000854
002685
002292
002476
004027
003627
004418
005385
003108
002376
000232
003616
005041
004110
000445
003056
001106
005902
003550
004211
003043
006931
003950
004927
005255
005019
000808
003191
007009
005808
001959
002769
005455
005753
005015
003817
004488
004618
000778
005018
005120
006031
007231
002616
003000
004459
006978
005518
001500
002309
000618
000149
003408
007338
001198
005885
000577
005149
004612
002356
001010
003506
002939
006537
005959
004445
002288
001728
000410
004562
005612
004054
001417
006517
002659
000014
004922
003663
005732
000496
007262
002567
002897
004567
006949
000924
000099
000215
000307
005181
005539
001296
003618
006255
007455
000276
000609
004826
000568
001903
005062
004650
007429
002794
005951
006219
004338
001046
007292
003918
007148
003860
001400
006246
007405
007449
004911
004145
002527
006556
004164
006225
007469
006959
001096
001032
005757
005012
002920
001856
003702
006814
004408
001486
006014
003509
006937
007063
003850
002979
002937
005491
005401
004571
001892
000533
003671
003643
002047
007216
007003
002987
001550
006039
002448
004288
004417
002805
005346
001895
001556
002969
001962
006849
004553
000437
002677
005971
000652
000241
005372
005350
001725
000570
005776
002795
001949
003002
001038
001095
002340
001544
000039
004320
005297
000366
002501
006475
003968
000012
003602
007281
002422
001311
000959
001281
002051
006107
005521
003151
001709
006117
000866
001606
006956
001741
004803
002160
005329
003033
005222
006895
005603
001413
003001
006462
002624
005636
004568
004976
002557
000444
007331
000567
003974
001993
000131
003594
004196
007480
002812
005268
003010
002802
001828
005427
005652
007069
007358
006903
002944
000569
003031
004670
005864
000282
000733
006159
006210
005660
005908
007444
004793
004063
005730
006120
000009
007409
000773
004820
003257
003456
000515
004165
000538
003240
005917
006248
005892
000625
000868
004237
002967
001423
007319
004321
004407
005165
002720
005430
004736
000812
001145
005129
003482
005848
002110
002299
000835
004851
002586
006582
004561
003545
004760
003738
002456
000029
001667
000549
001723
002037
003109
002068
004634
007228
005410
006479
000143
001153
002689
004881
002880
001040
000642
006690
004979
006341
002708
006113
004482
004328
001490
004485
000053
001050
001483
004534
003194
006920
001750
004524
002078
004159
004780
001210
003795
003820
000184
003916
007436
001116
002908
000004
001889
006798
003279
001274
000807
003189
001473
001548
006677
006106
006683
003185
007432
004431
006522
005309
000862
000321
002983
003431
002349
006509
002488
003650
005568
006936
006025
006410
000998
000511
006398
002219
005886
003082
001893
007448
005022
000894
003231
001579
004395
004300
001907
000372
001112
005945
004861
002341
000252
004941
007236
005362
004227
003985
002011
006596
004187
000318
003661
004484
004255
005197
003156
000493
006859
005966
001124
000535
004186
006584
003904
003021
001968
001781
005194
003309
004248
002209
004008
007116
000984
003754
007188
005872
003372
004953
001043
001318
003755
004770
001082
002626
005405
006576
000326
004377
001030
000597
004932
006541
007305
005830
002335
003168
004331
000709
003826
002272
003371
003246
005528
000547
004648
002100
000409
001062
006548
002792
006660
004894
001855
002579
004540
002077
006571
004184
007055
002963
006470
005488
004448
004875
001142
004051
002200
000911
003454
003412
002991
003777
000977
001326
006130
002164
002590
000993
003249
003045
007345
000031
005137
006918
007240
001555
007080
006229
000024
002323
002595
003304
000732
004982
004962
004847
003080
007189
006276
004637
001839
000667
000253
003576
005723
003701
003090
005542
006153
003863
002134
003028
000179
002529
002645
006701
003222
006929
005353
000214
001175
001004
002064
000794
006469
002493
001915
005485
000524
005724
001300
000947
002276
006554
005646
000810
007364
007000
003494
006007
000466
002092
003961
005059
002781
002438
003117
004276
002042
004141
000600
000481
006037
001577
005228
006851
006293
000049
002541
000504
004995
004365
004235
002360
002754
001654
002118
000745
004842
006553
005119
005252
002400
005422
006629
006235
000185
006206
003897
004518
004852
005780
005320
004277
000320
002583
001219
001849
002830
002956
001365
005216
006209
002612
003434
001185
005379
003731
005827
005046
006412
005705
004278
007108
000724
004746
005537
001589
004763
006619
002701
001208
004584
003181
002539
007168
002959
000585
004575
000212
003767
007005
000985
007187
000003
003884
007420
004565
005550
000943
002442
001173
002534
004005
000312
002796
001835
002892
007214
001013
001912
002719
005840
005344
005190
006876
005653
004959
006370
006762
003986
003928
001317
001212
001834
003988
003998
005878
003308
006844
006924
000832
004078
000430
000996
002633
000603
003921
007250
001736
007437
001574
002664
002409
000979
000938
005958
000196
003583
002822
004225
004533
000487
007259
006514
004126
003535
003358
001965
007087
006060
002881
004329
003515
004105
005729
001910
007457
004858
006842
004830
001007
002975
004897
005415
000937
000686
005075
000913
000323
000051
004084
001402
003052
002145
003960
006265
002875
006388
003196
005591
004806
007164
003697
003824
007101
001864
000080
005910
005713
003258
002412
006587
001217
007147
006177
002162
002210
001947
005001
006172
005105
001610
000306
003601
003733
002521
004849
003789
006076
005497
001307
002020
000901
003840
003665
005984
003147
000150
002165
000337
000978
005419
004123
001833
002636
002142
007181
001882
004831
002827
005799
001817
002652
005375
000818
005502
000217
005451
002629
006245
003629
000562
002028
006797
001225
000552
005495
005470
003487
006671
000421
005154
002502
003307
000764
001850
002316
002745
001075
002509
004625
001169
005695
004264
005645
003919
005034
001027
001093
004859
001151
007104
001450
001480
001686
004753
000042
004557
003867
007039
004908
003197
005425
002696
002057
006284
003891
006369
006038
005674
003995
006211
005546
006112
002933
001238
002988
006044
004341
003104
007113
002578
001557
003202
000632
003615
007145
001251
006024
006423
003859
005196
001996
003203
000033
000225
004818
000588
001695
004155
006390
003742
006789
000045
002904
004322
003672
002304
001178
002322
001698
001138
000269
002639
007264
003625
002895
006839
001696
003081
005607
000877
001403
000596
003514
002926
001870
001298
005382
005831
006299
002992
007073
007380
000385
001420
000417
004840
001941
003022
002673
006484
003451
003578
001497
000873
006460
005513
003423
000816
003533
002375
002071
004212
002029
004048
002697
001052
001659
003689
002113
002826
004866
002759
001780
002321
002902
005069
000839
002169
001865
006264
000971
001166
000611
007362
002032
000019
006129
004385
002789
002548
002644
002119
004916
007010
007156
005846
006930
003981
003247
003059
005990
000110
005996
007058
003459
005855
000502
003400
005670
000699
002362
000952
003174
004519
004018
002095
000590
004781
004794
007186
004961
001023
003019
004499
003144
001099
003318
001646
007356
002331
004647
006794
006980
005004
003797
003193
006481
004947
007219
004817
005613
003821
004548
001729
007369
005030
003565
003571
003461
005703
004589
003501
000188
001101
004608
000485
003492
005096
000730
004305
004197
000575
004873
002900
000314
005357
004394
004899
005123
003288
000817
004651
006557
000690
003540
000988
006401
003235
005178
005887
000610
004929
000473
005676
001872
004060
003588
000651
001800
005226
002137
001394
004687
006731
003972
003899
002517
006656
003102
005045
007404
002640
002698
007094
003233
006670
001592
003963
004244
003026
001812
006461
000507
005679
004425
003610
005733
001553
004506
002910
006340
006730
004061
002066
000991
003020
002363
007426
001084
004537
000746
002353
003269
001815
006215
002310
006928
001350
007467
002667
000718
007083
002275
005240
004241
000544
005615
005919
003898
003481
006183
006538
006396
005881
001645
004815
001418
003554
000341
004086
006403
002008
001074
005771
007099
006451
006898
000462
006144
003847
006818
003153
001908
001605
005411
001410
006418
005952
000654
005777
001261
000804
002371
002732
003886
005234
000784
000104
006405
002647
006885
002726
004891
001596
001761
001862
001170
003747
000275
004887
001940
001647
001292
004536
003003
006077
001972
005484
006771
003729
003596
006816
006440
004053
007132
001306
000367
002817
000064
005285
003541
007234
002810
000558
000537
000169
004857
000308
006779
001048
002105
006318
004326
001408
003367
003549
004905
001321
005893
002192
003236
001575
007419
004313
000702
002515
000922
004993
001268
002890
003772
000797
001597
005207
003947
005765
003078
006346
000498
000134
006520
001795
004823
003556
003420
002016
002489
001231
000448
000489
002646
005039
005083
001259
000347
001304
002546
005746
005175
002464
004016
004147
006916
007450
003438
007129
003810
002207
002465
003404
004226
004718
000918
005103
001177
005710
002357
006027
001653
002957
001986
005461
006350
001485
001731
004085
007232
006088
001584
001987
000581
006192
007307
003348
001431
006536
000889
001878
003946
004837
004069
007377
001562
006446
000084
007076
003381
001202
004860
006865
002952
005301
003209
002713
006965
002279
004170
000845
007269
001443
006083
001006
005953
003881
003664
002606
004317
005010
001421
004314
006711
003698
004460
005800
004327
000329
000828
003875
006454
001706
006613
000063
001524
003272
007159
004569
006732
002141
000586
006976
001236
001838
006086
006939
001452
002592
000641
003317
006535
000661
007152
007038
004344
004138
004661
006632
003068
001226
004366
004359
002738
007016
001642
007110
004752
001113
005289
001376
005164
006297
006000
002699
001603
007171
005995
003275
004862
005950
004662
002958
002752
005131
003478
000846
006277
006532
002844
006028
003737
005789
006019
005575
004347
007472
007027
006380
002161
001718
002961
005335
006173
004168
000343
004043
005433
004774
002604
007184
006726
005644
004992
002581
001630
001661
000758
001363
006880
000671
003133
002882
006121
006738
004151
004289
001703
003128
002619
001935
005114
006681
001720
003913
000640
006692
005450
000572
002627
007408
003715
001879
002350
002530
002835
003255
005264
003447
005132
004526
002129
006345
006884
004446
002286
003567
005619
002132
003889
003471
005144
002388
006002
002089
001824
001482
002485
002783
006819
002425
004458
000975
003785
006065
007329
002575
004380
003067
001732
005553
002808
000660
004943
005174
005325
004297
000920
001977
004362
005516
002459
001702
005386
000344
000295
005899
005263
003645
004835
005304
007238
002693
002143
001901
004767
003674
004578
000551
001829
006271
001858
003819
001758
004545
001920
000309
002079
003757
004202
006498
000899
004172
000160
007048
006104
002497
005642
004229
005281
000781
001042
004933
005081
003993
001582
004355
000111
005781
004345
004904
003369
004412
000506
007406
002380
003955
005373
005489
003833
000352
003584
006847
006783
004512
000164
002503
001992
002911
005975
001701
002405
003694
006999
004749
005187
006807
007309
004052
005536
000382
001227
006661
001635
005201
003934
006853
005238
007212
007462
003462
001663
001792
000392
002347
001356
005798
006599
006637
006415
003436
001843
002031
001518
000647
003962
004194
004360
002391
006941
002558
004403
000302
001068
004416
000525
005929
002332
007213
000879
003920
004710
001244
007371
003732
004610
003157
004700
005336
001476
003908
007022
007107
006635
007117
002730
001345
005961
007340
000849
005317
000399
002001
000093
003500
006784
003626
002440
004330
004474
002496
003346
001951
007131
004190
005896
006837
003225
007112
005988
007296
001143
000032
005714
002368
001003
001395
004298
002811
003331
003752
006393
002136
003667
004655
001207
006154
003260
007154
007318
005954
004698
005614
002138
006342
003635
006164
004529
006886
003657
006233
002396
007093
001953
001672
002866
003315
000883
002925
005459
003852
000851
002679
001368
002564
001275
001359
000219
006022
003970
001147
007320
000249
004924
004386
003633
005748
002480
002046
004382
001565
001214
003632
005089
001927
006207
001329
000345
000598
003803
004893
004373
005275
007244
003909
005863
002568
000201
003470
004580
004677
002461
002148
005481
004375
005600
002102
000934
006198
006822
000480
003150
006792
004091
006574
000650
006856
002090
003798
001134
004392
004293
004639
004443
001586
001218
001454
004071
002972
005273
002940
001618
003924
003085
000471
001448
002932
000833
006056
007302
006969
006463
007177
003343
001460
002888
004750
006258
004399
004654
003656
002537
006718
005998
006257
007261
000946
007385
004735
006354
006715
006174
000091
005063
001128
005082
004956
005972
005200
002505
001655
006834
006702
002625
001455
007178
001818
000701
005159
002774
007029
001459
001009
002170
004981
003873
003868
002355
004232
005895
005805
007410
004349
002239
001803
000428
001357
006243
006588
005367
005193
005213
005266
000317
006602
006224
006244
003413
000550
002836
007204
002610
005691
004958
006767
000532
002741
002242
000236
004597
007308
005728
004222
003363
006659
004805
005624
004620
002966
001583
003537
005845
004045
007383
002570
001094
007286
004115
006793
000759
005276
003044
007252
000284
002248
005256
003758
003585
002131
003173
004404
003243
002330
003217
005042
006970
006890
000626
004983
007146
003612
002768
001148
007413
004971
004070
003507
005824
006314
002423
006915
005609
006985
005894
001542
001123
000573
001733
007324
000798
004339
000774
002750
006760
000190
004302
001538
004530
001621
006955
003693
004522
004411
004290
002860
006389
004895
000948
003516
006495
000560
003401
003979
000148
005982
006201
000105
002815
003023
002549
003061
007031
000867
006184
002687
004549
002948
006372
000656
005576
007218
001374
000829
003525
001819
004451
001133
006852
004516
002799
000539
005880
005726
007447
004772
003394
004067
006664
005925
006780
003638
000191
003746
000742
006737
001948
000919
002705
006282
006971
004541
005680
000335
002777
000388
004072
004384
001740
005009
001373
001670
004850
000461
002935
003136
005294
004444
007416
007060
006143
005231
006186
004693
003126
000903
001441
001529
003637
006997
000523
007062
004454
007303
005987
001888
006774
005555
002946
000368
003503
000231
006830
006356
003409
001549
003658
002470
001195
000436
006957
006468
002329
002305
004057
003765
002413
002862
001314
000499
005909
002184
007434
006515
000557
007468
004602
003029
004274
000553
003457
000117
001607
002308
004906
004046
005883
006100
000683
004210
002107
000649
001312
006710
004688
005598
005860
006424
004605
000467
005135
000786
006746
006581
002788
003468
006679
006691
001708
004275
006623
000023
002158
003273
003914
006496
003422
007139
004465
004543
003764
002268
005563
005033
005296
001364
005529
001327
005818
005444
001552
006096
005567
002245
007334
004915
003774
000238
004626
000703
004773
000655
004821
002722
006805
002414
005681
001029
000949
005606
004090
004120
003587
001494
001782
002591
006397
003213
006303
006422
001954
003770
001063
003375
003473
005111
001265
001810
005479
005620
006972
000500
001988
007035
003566
000529
004965
001844
002283
001224
003778
001086
006630
004868
001255
000941
005361
007067
001934
002337
007354
004269
002336
005260
001115
004376
001024
002611
007363
002167
001743
000115
002238
003403
002364
005406
004642
004260
000277
000680
001515
005109
002832
000620
003502
002819
003039
004234
006429
001754
003387
001456
006712
003054
003707
000772
005476
003347
004030
002293
004306
005319
002614
003253
004741
005981
001994
003977
004001
006361
003335
006858
004280
001527
001563
007273
001991
006444
004058
002727
006171
003710
000512
002074
001285
006374
004127
001269
002475
003301
004765
003759
005118
007136
003883
000454
001044
007013
002809
004633
004148
000986
005587
002524
004449
000519
007306
000476
007121
006505
002804
002865
002359
005552
001608
002317
007470
004233
000692
005312
006881
005557
006810
005006
007325
005242
003546
004789
004205
005220
006016
007179
001414
001492
004351
004955
004162
000405
005773
000579
001264
006147
000328
006873
000999
001440
006140
006310
002428
001543
007157
004711
001505
004721
005391
002931
001766
004902
004022
005146
004175
001569
000497
006373
005453
002367
005438
002466
007381
005223
003046
006132
006200
003488
002241
004539
003647
000847
000956
003201
003296
003708
002962
006187
001140
003149
005247
004149
003782
000870
002927
005947
001956
005414
003474
002533
004998
000083
004528
001931
000673
000475
005662
006288
002019
006230
003536
003155
001493
006222
006600
004898
000374
003484
004050
005299
003182
005148
002135
002044
004246
001694
001036
000127
001677
000100
002172
000606
005700
006641
000477
007357
005302
002662
002813
004689
000431
001793
006707
004304
006749
000359
005440
004990
005182
002211
000124
006863
000165
004984
006419
001783
006226
005225
002416
007335
001560
006294
002153
000826
000492
003958
003605
003784
004026
003220
001088
006308
003722
005243
003489
000057
001014
006003
005494
007115
003543
004554
006053
002073
000750
005741
004400
000055
004740
000623
000643
007140
006012
005791
000528
005934
000910
006734
000286
000891
001689
005718
006145
000086
000435
006326
003706
000220
004844
004303
005801
007122
003776
004480
001065
001437
005689
002484
003609
000792
005169
000594
007065
003145
003094
005564
001161
002599
002473
007075
007125
006603
002634
003597
001747
003716
000363
006698
004393
000859
004409
005402
007077
000120
004722
006079
004490
001806
002861
001759
003911
003560
002222
002366
002036
003469
000705
005183
001658
004204
002156
004087
004954
005758
000402
001447
003361
000008
003528
007452
003666
003071
002229
002435
006270
007046
002573
003964
004963
001131
006228
006651
003122
004198
004397
005862
006908
000951
002006
001278
003807
007382
004827
002544
000240
007173
003048
000199
002507
000694
000092
001716
006717
001854
006331
001247
000279
002091
006301
001053
006252
006018
005884
006861
002195
005215
007135
005371
001253
003775
003382
000720
006893
002007
000414
004591
006595
001789
004242
001598
006279
002907
001551
001360
006883
004617
004353
002109
001358
005306
006996
000900
006642
004888
003651
003952
007388
006335
004283
007310
006938
004986
000887
000713
000545
005072
001012
003169
007257
006295
005616
006161
003384
003714
006527
001083
006362
002981
005065
006189
001215
005816
001424
002481
006188
002444
007070
000976
006733
002989
005804
005396
003250
005778
001846
005519
006105
006442
002729
002017
005602
006525
003865
006899
001369
005023
001525
002194
006071
003855
003042
000255
003030
004100
004122
002906
007054
002049
005203
002189
001163
006477
005026
005601
002140
000749
000370
001419
003396
006657
001674
000744
004564
006013
000142
001313
001900
000346
007201
005221
006974
000265
003933
005113
005566
004083
006947
003038
002285
003864
004690
001952
004769
004414
007144
001137
007064
003736
001710
001129
000016
002525
003510
002896
002954
002635
002651
006323
005246
002082
006848
007018
000234
005584
007311
004919
002816
001848
001372
006998
005873
002681
000062
000000
003239
007103
003359
004938
006583
007126
000338
003683
001787
003008
006910
000304
001090
002487
002918
002739
005704
001591
005421
000369
004776
004161
000484
001665
004374
005322
003787
003234
001970
006778
001880
006036
001366
001633
006697
005432
006622
006610
003548
004801
004216
005786
001211
006845
005038
002224
004191
005368
001174
003013
006384
005330
000876
005877
001069
001426
004546
006564
003458
000350
000624
001248
000793
000662
005104
007130
002758
002994
002870
006523
004177
